
Fit_report:        	Error	0.46
	par:	    val	
	E	     :-6.09e-02	
	l      :3.591465e-01	
	cap 	 :1.109678e-01	
	W	     :7.751194e-02	
	A	     :-6.302802e-01	
